100
90
100
100
100
75
90
100
60
50
50
50
50
100
60
50
50
50
60
100
90
100
60
60
50
50
50
100
100
100
50
100
100
50
100
100
50
50
60
50
100
60
50
50
50
50
50
50
50
50
50
50
50
50
50
50
70
100
50
60
60
50
50
100
90
100
70
100
100
100
60
50
60
50
60
60
50
50
50
50
50
50
50
50
50
50
50
60
50
50
50
50
50
50
50
50
50
50
15
35
50
50
50
50
60
50
100
100
100
100
70
100
50
100
60
100
100
70
70
100
100
100
60
90
80
70
45
65
50
100
80
80
100
100
100
100
100
100
70
85
80
60
100
100
80
100
100
100
100
80
100
100
80
80
100
80
100
100
100
100
100
60
100
100
60
100
100
