2000050
100550
2000001
2000081
100334
2003851
100299
2000024
100444
2004404
100127
2001984
100541
2000052
100377
2015175
2015721
2966133
100440
2001809
100630
100195
2001534
2016064
2599280
2018106
2016573
2000792
100244
2000004
2965257
2004024
100621
3004872
100175
100171
2964296
2002468
100464
2003582
2000999
2002740
2979278
2703980
2031096
2022862
2021994
2020596
2016155
2012937
2009260
2007967
2001996
100412
2004783
2008098
100150
100502
2001996
2002740
2936546
2018057
2006617
2001310
100393
2000009
100588
100542
2003029
2002460
2000021
100033
2002219
100015
2001000
100032
2002263
100435
2001146
100048
2000619
2936108
2989212
2000618
2963325
2087045
2131148
3142661
2000508
100203
2000399
100154
2960697
2019636
2239098
2000372
2077998
100186
2010821
2010240
100008
2906937
100241
2952372
100191
2958365
2000857
100202
100201
2000082
100386
2007740
2006006
2004626
100164
2000756
100065
2002132
100200
2000715
100413
2001035
2015257
100401
2009143
100122
2004823
100001
2004404
2000005
100226
100442
2000697
2000012
100605
2000072
100631
2000047
100617
2000008
100417
100079
2006728
2000010
100338
2000014
100050
2000080
2000007
100085
2000387
2000005
100226
100590
2002369
100108
100284
2000366
2000903
2000034
100240
100082
2000045
2000009
100283
2002451
100130
